Py:Athena            INFO including file "DataModelRunTests/xAODRootTest.py"
xAOD::Init                INFO    Environment initialised for data access
TStreamerInfo::BuildOld   WARNING Cannot convert DMTest::GAuxContainer_v1::anInt from type: vector<int> to type: SG::PackedContainer<int,allocator<int> >, skip element
xAOD::MakeTransientTree   INFO    Created transient tree "CollectionTree" in ROOT's common memory
---> Event 0
cvec
  anInt1: 201; aFloat: 400.0; anInt: 201; anInt2: 601; cEL: cvec[9]; dInt1: 801; dVar1: 901; 
  anInt1: 202; aFloat: 400.1; anInt: 202; anInt2: 602; cEL: cvec[8]; dInt1: 802; dVar1: 902; 
  anInt1: 203; aFloat: 400.2; anInt: 203; anInt2: 603; cEL: cvec[7]; dInt1: 803; dVar1: 903; 
  anInt1: 204; aFloat: 400.3; anInt: 204; anInt2: 604; cEL: cvec[6]; dInt1: 804; dVar1: 904; 
  anInt1: 205; aFloat: 400.4; anInt: 205; anInt2: 605; cEL: cvec[5]; dInt1: 805; dVar1: 905; 
  anInt1: 206; aFloat: 400.5; anInt: 206; anInt2: 606; cEL: cvec[4]; dInt1: 806; dVar1: 906; 
  anInt1: 207; aFloat: 400.6; anInt: 207; anInt2: 607; cEL: cvec[3]; dInt1: 807; dVar1: 907; 
  anInt1: 208; aFloat: 400.7; anInt: 208; anInt2: 608; cEL: cvec[2]; dInt1: 808; dVar1: 908; 
  anInt1: 209; aFloat: 400.8; anInt: 209; anInt2: 609; cEL: cvec[1]; dInt1: 809; dVar1: 909; 
  anInt1: 210; aFloat: 400.9; anInt: 210; anInt2: 610; cEL: cvec[0]; dInt1: 810; dVar1: 910; 
cinfo
  anInt1: 2000; aFloat: 0.2; anInt: 2000; anInt2: 4000; cEL: cvec[2]; dInt1: 6000; dInt1Base: 6001; 
ctrig
  anInt1: 1001; aFloat: 1200.0; anInt: 1001; anInt2: 1401; dInt1: 961; 
  anInt1: 1002; aFloat: 1200.1; anInt: 1002; anInt2: 1402; dInt1: 962; 
  anInt1: 1003; aFloat: 1200.2; anInt: 1003; anInt2: 1403; dInt1: 963; 
  anInt1: 1004; aFloat: 1200.3; anInt: 1004; anInt2: 1404; dInt1: 964; 
  anInt1: 1005; aFloat: 1200.4; anInt: 1005; anInt2: 1405; dInt1: 965; 
  anInt1: 1006; aFloat: 1200.5; anInt: 1006; anInt2: 1406; dInt1: 966; 
  anInt1: 1007; aFloat: 1200.6; anInt: 1007; anInt2: 1407; dInt1: 967; 
  anInt1: 1008; aFloat: 1200.7; anInt: 1008; anInt2: 1408; dInt1: 968; 
cvecWD  1002
  anInt1: 401; aFloat: 0.0; anInt: 401; 
  anInt1: 402; aFloat: 0.0; anInt: 402; 
  anInt1: 403; aFloat: 0.0; anInt: 403; 
  anInt1: 404; aFloat: 0.0; anInt: 404; 
  anInt1: 405; aFloat: 0.0; anInt: 405; 
  anInt1: 406; aFloat: 0.0; anInt: 406; 
  anInt1: 407; aFloat: 0.0; anInt: 407; 
  anInt1: 408; aFloat: 0.0; anInt: 408; 
  anInt1: 409; aFloat: 0.0; anInt: 409; 
  anInt1: 410; aFloat: 0.0; anInt: 410; 
cview
  anInt1: 210; aFloat: 400.9; anInt: 210; anInt2: 610; cEL: cvec[0]; dInt1: 810; dVar1: 910; 
  anInt1: 209; aFloat: 400.8; anInt: 209; anInt2: 609; cEL: cvec[1]; dInt1: 809; dVar1: 909; 
  anInt1: 208; aFloat: 400.7; anInt: 208; anInt2: 608; cEL: cvec[2]; dInt1: 808; dVar1: 908; 
  anInt1: 207; aFloat: 400.6; anInt: 207; anInt2: 607; cEL: cvec[3]; dInt1: 807; dVar1: 907; 
  anInt1: 206; aFloat: 400.5; anInt: 206; anInt2: 606; cEL: cvec[4]; dInt1: 806; dVar1: 906; 
  anInt1: 205; aFloat: 400.4; anInt: 205; anInt2: 605; cEL: cvec[5]; dInt1: 805; dVar1: 905; 
  anInt1: 204; aFloat: 400.3; anInt: 204; anInt2: 604; cEL: cvec[6]; dInt1: 804; dVar1: 904; 
  anInt1: 203; aFloat: 400.2; anInt: 203; anInt2: 603; cEL: cvec[7]; dInt1: 803; dVar1: 903; 
  anInt1: 202; aFloat: 400.1; anInt: 202; anInt2: 602; cEL: cvec[8]; dInt1: 802; dVar1: 902; 
  anInt1: 201; aFloat: 400.0; anInt: 201; anInt2: 601; cEL: cvec[9]; dInt1: 801; dVar1: 901; 
pvec
dpInt1: 101; dpvFloat: []; pFloat: 0.0; pInt: 1001; pvFloat: []; pvInt: []; 
dpInt1: 102; dpvFloat: [0.1]; pFloat: 1.0; pInt: 1002; pvFloat: [-0.5]; pvInt: [-290]; 
dpInt1: 103; dpvFloat: [0.2,0.2]; pFloat: 2.0; pInt: 1003; pvFloat: [-0.5,-0.4]; pvInt: [-280,-279]; 
dpInt1: 104; dpvFloat: [0.3,0.3,0.3]; pFloat: 3.0; pInt: 1004; pvFloat: [-0.5,-0.4,-0.3]; pvInt: [-270,-269,-268]; 
dpInt1: 105; dpvFloat: [0.4,0.4,0.4,0.4]; pFloat: 4.0; pInt: 1005; pvFloat: [-0.5,-0.4,-0.3,-0.2]; pvInt: [-260,-259,-258,-257]; 
dpInt1: 106; dpvFloat: [0.5,0.5,0.5,0.5,0.5]; pFloat: 5.0; pInt: 1006; pvFloat: [-0.4,-0.3,-0.2,-0.1,-0.0]; pvInt: [-250,-249,-248,-247,-246]; 
dpInt1: 107; dpvFloat: [0.6,0.6,0.6,0.6,0.6,0.6]; pFloat: 6.0; pInt: 1007; pvFloat: [-0.4,-0.3,-0.2,-0.1,-0.0,0.1]; pvInt: [-240,-239,-238,-237,-236,-235]; 
dpInt1: 108; dpvFloat: [0.7,0.7,0.7,0.7,0.7,0.7,0.7]; pFloat: 7.0; pInt: 1008; pvFloat: [-0.4,-0.3,-0.2,-0.1,-0.0,0.1,0.2]; pvInt: [-230,-229,-228,-227,-226,-225,-224]; 
dpInt1: 109; dpvFloat: [0.8,0.8,0.8,0.8,0.8,0.8,0.8,0.8]; pFloat: 8.0; pInt: 1009; pvFloat: [-0.4,-0.3,-0.2,-0.1,-0.0,0.1,0.2,0.3]; pvInt: [-220,-219,-218,-217,-216,-215,-214,-213]; 
dpInt1: 110; dpvFloat: [0.9,0.9,0.9,0.9,0.9,0.9,0.9,0.9,0.9]; pFloat: 9.0; pInt: 1010; pvFloat: [-0.4,-0.3,-0.2,-0.1,-0.0,0.1,0.2,0.3,0.4]; pvInt: [-210,-209,-208,-207,-206,-205,-204,-203,-202]; 
hvec
anInt: 801; 
anInt: 802; 
anInt: 803; 
anInt: 804; 
anInt: 805; 
anInt: 806; 
anInt: 807; 
anInt: 808; 
anInt: 809; 
anInt: 810; 
anInt: 811; 
anInt: 812; 
anInt: 813; 
anInt: 814; 
anInt: 815; 
anInt: 816; 
anInt: 817; 
anInt: 818; 
anInt: 819; 
anInt: 820; 
jvecContainer
decorJVec: [300.5,301.5]; fvec: [200.5]; ivec: []; lvec: [cvec[0], cvec[1], cvec[2]]; svec: ['str450','str451']; 
decorJVec: [301.5,302.5,303.5]; fvec: [201.5,202.5]; ivec: [101]; lvec: [cvec[1], cvec[2], cvec[3], cvec[4]]; svec: ['str451','str452','str453']; 
decorJVec: [302.5,303.5,304.5,305.5]; fvec: [202.5,203.5,204.5]; ivec: [102,103]; lvec: []; svec: ['str452','str453','str454','str455']; 
decorJVec: []; fvec: [203.5,204.5,205.5,206.5]; ivec: [103,104,105]; lvec: [cvec[3]]; svec: []; 
decorJVec: [304.5]; fvec: []; ivec: [104,105,106,107]; lvec: [cvec[4], cvec[5]]; svec: ['str454']; 
jvecInfo
decorJVec: [404.5]; fvec: [1201.5,1202.5]; ivec: [1101]; lvec: [cvec[1], cvec[2], cvec[3], cvec[4]]; svec: ['str1451','str1452','str1453']; 
plinksContainer
decorLink: cvec[0]; decorVLinks: [ctrig[4], [inv], cvec[6]]; plink: cvec[0]; vlinks: []; 
decorLink: ctrig[1]; decorVLinks: [[inv], cvec[6], ctrig[7], [inv]]; plink: ctrig[1]; vlinks: [[inv]]; 
decorLink: [inv]; decorVLinks: []; plink: [inv]; vlinks: [cvec[3], ctrig[4]]; 
decorLink: cvec[3]; decorVLinks: [ctrig[7]]; plink: cvec[3]; vlinks: [ctrig[4], [inv], cvec[6]]; 
decorLink: ctrig[4]; decorVLinks: [[inv], cvec[9]]; plink: ctrig[4]; vlinks: [[inv], cvec[6], ctrig[7], [inv]]; 
plinksInfo
decorLink: ctrig[4]; decorVLinks: [[inv], cvec[9]]; plink: cvec[3]; vlinks: [ctrig[4], [inv], cvec[6]]; 
---> Event 1
cvec
  anInt1: 301; aFloat: 600.0; anInt: 301; anInt2: 901; cEL: cvec[9]; dInt1: 1201; dVar1: 1351; 
  anInt1: 302; aFloat: 600.1; anInt: 302; anInt2: 902; cEL: cvec[8]; dInt1: 1202; dVar1: 1352; 
  anInt1: 303; aFloat: 600.2; anInt: 303; anInt2: 903; cEL: cvec[7]; dInt1: 1203; dVar1: 1353; 
  anInt1: 304; aFloat: 600.3; anInt: 304; anInt2: 904; cEL: cvec[6]; dInt1: 1204; dVar1: 1354; 
  anInt1: 305; aFloat: 600.4; anInt: 305; anInt2: 905; cEL: cvec[5]; dInt1: 1205; dVar1: 1355; 
  anInt1: 306; aFloat: 600.5; anInt: 306; anInt2: 906; cEL: cvec[4]; dInt1: 1206; dVar1: 1356; 
  anInt1: 307; aFloat: 600.6; anInt: 307; anInt2: 907; cEL: cvec[3]; dInt1: 1207; dVar1: 1357; 
  anInt1: 308; aFloat: 600.7; anInt: 308; anInt2: 908; cEL: cvec[2]; dInt1: 1208; dVar1: 1358; 
  anInt1: 309; aFloat: 600.8; anInt: 309; anInt2: 909; cEL: cvec[1]; dInt1: 1209; dVar1: 1359; 
  anInt1: 310; aFloat: 600.9; anInt: 310; anInt2: 910; cEL: cvec[0]; dInt1: 1210; dVar1: 1360; 
cinfo
  anInt1: 3000; aFloat: 0.3; anInt: 3000; anInt2: 6000; cEL: cvec[3]; dInt1: 9000; dInt1Base: 9001; 
ctrig
  anInt1: 1501; aFloat: 1800.0; anInt: 1501; anInt2: 2101; dInt1: 1441; 
  anInt1: 1502; aFloat: 1800.1; anInt: 1502; anInt2: 2102; dInt1: 1442; 
  anInt1: 1503; aFloat: 1800.2; anInt: 1503; anInt2: 2103; dInt1: 1443; 
  anInt1: 1504; aFloat: 1800.3; anInt: 1504; anInt2: 2104; dInt1: 1444; 
  anInt1: 1505; aFloat: 1800.4; anInt: 1505; anInt2: 2105; dInt1: 1445; 
  anInt1: 1506; aFloat: 1800.5; anInt: 1506; anInt2: 2106; dInt1: 1446; 
  anInt1: 1507; aFloat: 1800.6; anInt: 1507; anInt2: 2107; dInt1: 1447; 
  anInt1: 1508; aFloat: 1800.7; anInt: 1508; anInt2: 2108; dInt1: 1448; 
cvecWD  1003
  anInt1: 601; aFloat: 0.0; anInt: 601; 
  anInt1: 602; aFloat: 0.0; anInt: 602; 
  anInt1: 603; aFloat: 0.0; anInt: 603; 
  anInt1: 604; aFloat: 0.0; anInt: 604; 
  anInt1: 605; aFloat: 0.0; anInt: 605; 
  anInt1: 606; aFloat: 0.0; anInt: 606; 
  anInt1: 607; aFloat: 0.0; anInt: 607; 
  anInt1: 608; aFloat: 0.0; anInt: 608; 
  anInt1: 609; aFloat: 0.0; anInt: 609; 
  anInt1: 610; aFloat: 0.0; anInt: 610; 
cview
  anInt1: 310; aFloat: 600.9; anInt: 310; anInt2: 910; cEL: cvec[0]; dInt1: 1210; dVar1: 1360; 
  anInt1: 309; aFloat: 600.8; anInt: 309; anInt2: 909; cEL: cvec[1]; dInt1: 1209; dVar1: 1359; 
  anInt1: 308; aFloat: 600.7; anInt: 308; anInt2: 908; cEL: cvec[2]; dInt1: 1208; dVar1: 1358; 
  anInt1: 307; aFloat: 600.6; anInt: 307; anInt2: 907; cEL: cvec[3]; dInt1: 1207; dVar1: 1357; 
  anInt1: 306; aFloat: 600.5; anInt: 306; anInt2: 906; cEL: cvec[4]; dInt1: 1206; dVar1: 1356; 
  anInt1: 305; aFloat: 600.4; anInt: 305; anInt2: 905; cEL: cvec[5]; dInt1: 1205; dVar1: 1355; 
  anInt1: 304; aFloat: 600.3; anInt: 304; anInt2: 904; cEL: cvec[6]; dInt1: 1204; dVar1: 1354; 
  anInt1: 303; aFloat: 600.2; anInt: 303; anInt2: 903; cEL: cvec[7]; dInt1: 1203; dVar1: 1353; 
  anInt1: 302; aFloat: 600.1; anInt: 302; anInt2: 902; cEL: cvec[8]; dInt1: 1202; dVar1: 1352; 
  anInt1: 301; aFloat: 600.0; anInt: 301; anInt2: 901; cEL: cvec[9]; dInt1: 1201; dVar1: 1351; 
pvec
dpInt1: 151; dpvFloat: []; pFloat: 0.0; pInt: 1501; pvFloat: []; pvInt: []; 
dpInt1: 152; dpvFloat: [0.1]; pFloat: 1.0; pInt: 1502; pvFloat: [-0.5]; pvInt: [-190]; 
dpInt1: 153; dpvFloat: [0.2,0.2]; pFloat: 2.0; pInt: 1503; pvFloat: [-0.5,-0.4]; pvInt: [-180,-179]; 
dpInt1: 154; dpvFloat: [0.3,0.3,0.3]; pFloat: 3.0; pInt: 1504; pvFloat: [-0.5,-0.4,-0.3]; pvInt: [-170,-169,-168]; 
dpInt1: 155; dpvFloat: [0.4,0.4,0.4,0.4]; pFloat: 4.0; pInt: 1505; pvFloat: [-0.5,-0.4,-0.3,-0.2]; pvInt: [-160,-159,-158,-157]; 
dpInt1: 156; dpvFloat: [0.5,0.5,0.5,0.5,0.5]; pFloat: 5.0; pInt: 1506; pvFloat: [-0.4,-0.3,-0.2,-0.1,-0.0]; pvInt: [-150,-149,-148,-147,-146]; 
dpInt1: 157; dpvFloat: [0.6,0.6,0.6,0.6,0.6,0.6]; pFloat: 6.0; pInt: 1507; pvFloat: [-0.4,-0.3,-0.2,-0.1,-0.0,0.1]; pvInt: [-140,-139,-138,-137,-136,-135]; 
dpInt1: 158; dpvFloat: [0.7,0.7,0.7,0.7,0.7,0.7,0.7]; pFloat: 7.0; pInt: 1508; pvFloat: [-0.4,-0.3,-0.2,-0.1,-0.0,0.1,0.2]; pvInt: [-130,-129,-128,-127,-126,-125,-124]; 
dpInt1: 159; dpvFloat: [0.8,0.8,0.8,0.8,0.8,0.8,0.8,0.8]; pFloat: 8.0; pInt: 1509; pvFloat: [-0.4,-0.3,-0.2,-0.1,-0.0,0.1,0.2,0.3]; pvInt: [-120,-119,-118,-117,-116,-115,-114,-113]; 
dpInt1: 160; dpvFloat: [0.9,0.9,0.9,0.9,0.9,0.9,0.9,0.9,0.9]; pFloat: 9.0; pInt: 1510; pvFloat: [-0.4,-0.3,-0.2,-0.1,-0.0,0.1,0.2,0.3,0.4]; pvInt: [-110,-109,-108,-107,-106,-105,-104,-103,-102]; 
hvec
anInt: 1201; 
anInt: 1202; 
anInt: 1203; 
anInt: 1204; 
anInt: 1205; 
anInt: 1206; 
anInt: 1207; 
anInt: 1208; 
anInt: 1209; 
anInt: 1210; 
anInt: 1211; 
anInt: 1212; 
anInt: 1213; 
anInt: 1214; 
anInt: 1215; 
anInt: 1216; 
anInt: 1217; 
anInt: 1218; 
anInt: 1219; 
anInt: 1220; 
jvecContainer
decorJVec: [301.5,302.5,303.5]; fvec: [201.5,202.5]; ivec: [101]; lvec: [cvec[1], cvec[2], cvec[3], cvec[4]]; svec: ['str451','str452','str453']; 
decorJVec: [302.5,303.5,304.5,305.5]; fvec: [202.5,203.5,204.5]; ivec: [102,103]; lvec: []; svec: ['str452','str453','str454','str455']; 
decorJVec: []; fvec: [203.5,204.5,205.5,206.5]; ivec: [103,104,105]; lvec: [cvec[3]]; svec: []; 
decorJVec: [304.5]; fvec: []; ivec: [104,105,106,107]; lvec: [cvec[4], cvec[5]]; svec: ['str454']; 
decorJVec: [305.5,306.5]; fvec: [205.5]; ivec: []; lvec: [cvec[5], cvec[6], cvec[7]]; svec: ['str455','str456']; 
jvecInfo
decorJVec: [405.5,406.5]; fvec: [1202.5,1203.5,1204.5]; ivec: [1102,1103]; lvec: []; svec: ['str1452','str1453','str1454','str1455']; 
plinksContainer
decorLink: ctrig[1]; decorVLinks: [[inv], cvec[6], ctrig[7], [inv]]; plink: ctrig[1]; vlinks: [[inv]]; 
decorLink: [inv]; decorVLinks: []; plink: [inv]; vlinks: [cvec[3], ctrig[4]]; 
decorLink: cvec[3]; decorVLinks: [ctrig[7]]; plink: cvec[3]; vlinks: [ctrig[4], [inv], cvec[6]]; 
decorLink: ctrig[4]; decorVLinks: [[inv], cvec[9]]; plink: ctrig[4]; vlinks: [[inv], cvec[6], ctrig[7], [inv]]; 
decorLink: [inv]; decorVLinks: [cvec[9], ctrig[2], [inv]]; plink: [inv]; vlinks: []; 
plinksInfo
decorLink: [inv]; decorVLinks: [cvec[9], ctrig[2], [inv]]; plink: ctrig[4]; vlinks: [[inv], cvec[6], ctrig[7], [inv]]; 
---> Event 2
cvec
  anInt1: 401; aFloat: 800.0; anInt: 401; anInt2: 1201; cEL: cvec[9]; dInt1: 1601; dVar1: 1801; 
  anInt1: 402; aFloat: 800.1; anInt: 402; anInt2: 1202; cEL: cvec[8]; dInt1: 1602; dVar1: 1802; 
  anInt1: 403; aFloat: 800.2; anInt: 403; anInt2: 1203; cEL: cvec[7]; dInt1: 1603; dVar1: 1803; 
  anInt1: 404; aFloat: 800.3; anInt: 404; anInt2: 1204; cEL: cvec[6]; dInt1: 1604; dVar1: 1804; 
  anInt1: 405; aFloat: 800.4; anInt: 405; anInt2: 1205; cEL: cvec[5]; dInt1: 1605; dVar1: 1805; 
  anInt1: 406; aFloat: 800.5; anInt: 406; anInt2: 1206; cEL: cvec[4]; dInt1: 1606; dVar1: 1806; 
  anInt1: 407; aFloat: 800.6; anInt: 407; anInt2: 1207; cEL: cvec[3]; dInt1: 1607; dVar1: 1807; 
  anInt1: 408; aFloat: 800.7; anInt: 408; anInt2: 1208; cEL: cvec[2]; dInt1: 1608; dVar1: 1808; 
  anInt1: 409; aFloat: 800.8; anInt: 409; anInt2: 1209; cEL: cvec[1]; dInt1: 1609; dVar1: 1809; 
  anInt1: 410; aFloat: 800.9; anInt: 410; anInt2: 1210; cEL: cvec[0]; dInt1: 1610; dVar1: 1810; 
cinfo
  anInt1: 4000; aFloat: 0.4; anInt: 4000; anInt2: 8000; cEL: cvec[4]; dInt1: 12000; dInt1Base: 12001; 
ctrig
  anInt1: 2001; aFloat: 2400.0; anInt: 2001; anInt2: 2801; dInt1: 1921; 
  anInt1: 2002; aFloat: 2400.1; anInt: 2002; anInt2: 2802; dInt1: 1922; 
  anInt1: 2003; aFloat: 2400.2; anInt: 2003; anInt2: 2803; dInt1: 1923; 
  anInt1: 2004; aFloat: 2400.3; anInt: 2004; anInt2: 2804; dInt1: 1924; 
  anInt1: 2005; aFloat: 2400.4; anInt: 2005; anInt2: 2805; dInt1: 1925; 
  anInt1: 2006; aFloat: 2400.5; anInt: 2006; anInt2: 2806; dInt1: 1926; 
  anInt1: 2007; aFloat: 2400.6; anInt: 2007; anInt2: 2807; dInt1: 1927; 
  anInt1: 2008; aFloat: 2400.7; anInt: 2008; anInt2: 2808; dInt1: 1928; 
cvecWD  1004
  anInt1: 801; aFloat: 0.0; anInt: 801; 
  anInt1: 802; aFloat: 0.0; anInt: 802; 
  anInt1: 803; aFloat: 0.0; anInt: 803; 
  anInt1: 804; aFloat: 0.0; anInt: 804; 
  anInt1: 805; aFloat: 0.0; anInt: 805; 
  anInt1: 806; aFloat: 0.0; anInt: 806; 
  anInt1: 807; aFloat: 0.0; anInt: 807; 
  anInt1: 808; aFloat: 0.0; anInt: 808; 
  anInt1: 809; aFloat: 0.0; anInt: 809; 
  anInt1: 810; aFloat: 0.0; anInt: 810; 
cview
  anInt1: 410; aFloat: 800.9; anInt: 410; anInt2: 1210; cEL: cvec[0]; dInt1: 1610; dVar1: 1810; 
  anInt1: 409; aFloat: 800.8; anInt: 409; anInt2: 1209; cEL: cvec[1]; dInt1: 1609; dVar1: 1809; 
  anInt1: 408; aFloat: 800.7; anInt: 408; anInt2: 1208; cEL: cvec[2]; dInt1: 1608; dVar1: 1808; 
  anInt1: 407; aFloat: 800.6; anInt: 407; anInt2: 1207; cEL: cvec[3]; dInt1: 1607; dVar1: 1807; 
  anInt1: 406; aFloat: 800.5; anInt: 406; anInt2: 1206; cEL: cvec[4]; dInt1: 1606; dVar1: 1806; 
  anInt1: 405; aFloat: 800.4; anInt: 405; anInt2: 1205; cEL: cvec[5]; dInt1: 1605; dVar1: 1805; 
  anInt1: 404; aFloat: 800.3; anInt: 404; anInt2: 1204; cEL: cvec[6]; dInt1: 1604; dVar1: 1804; 
  anInt1: 403; aFloat: 800.2; anInt: 403; anInt2: 1203; cEL: cvec[7]; dInt1: 1603; dVar1: 1803; 
  anInt1: 402; aFloat: 800.1; anInt: 402; anInt2: 1202; cEL: cvec[8]; dInt1: 1602; dVar1: 1802; 
  anInt1: 401; aFloat: 800.0; anInt: 401; anInt2: 1201; cEL: cvec[9]; dInt1: 1601; dVar1: 1801; 
pvec
dpInt1: 201; dpvFloat: []; pFloat: 0.0; pInt: 2001; pvFloat: []; pvInt: []; 
dpInt1: 202; dpvFloat: [0.1]; pFloat: 1.0; pInt: 2002; pvFloat: [-0.5]; pvInt: [-90]; 
dpInt1: 203; dpvFloat: [0.2,0.2]; pFloat: 2.0; pInt: 2003; pvFloat: [-0.5,-0.4]; pvInt: [-80,-79]; 
dpInt1: 204; dpvFloat: [0.3,0.3,0.3]; pFloat: 3.0; pInt: 2004; pvFloat: [-0.5,-0.4,-0.3]; pvInt: [-70,-69,-68]; 
dpInt1: 205; dpvFloat: [0.4,0.4,0.4,0.4]; pFloat: 4.0; pInt: 2005; pvFloat: [-0.5,-0.4,-0.3,-0.2]; pvInt: [-60,-59,-58,-57]; 
dpInt1: 206; dpvFloat: [0.5,0.5,0.5,0.5,0.5]; pFloat: 5.0; pInt: 2006; pvFloat: [-0.4,-0.3,-0.2,-0.1,-0.0]; pvInt: [-50,-49,-48,-47,-46]; 
dpInt1: 207; dpvFloat: [0.6,0.6,0.6,0.6,0.6,0.6]; pFloat: 6.0; pInt: 2007; pvFloat: [-0.4,-0.3,-0.2,-0.1,-0.0,0.1]; pvInt: [-40,-39,-38,-37,-36,-35]; 
dpInt1: 208; dpvFloat: [0.7,0.7,0.7,0.7,0.7,0.7,0.7]; pFloat: 7.0; pInt: 2008; pvFloat: [-0.4,-0.3,-0.2,-0.1,-0.0,0.1,0.2]; pvInt: [-30,-29,-28,-27,-26,-25,-24]; 
dpInt1: 209; dpvFloat: [0.8,0.8,0.8,0.8,0.8,0.8,0.8,0.8]; pFloat: 8.0; pInt: 2009; pvFloat: [-0.4,-0.3,-0.2,-0.1,-0.0,0.1,0.2,0.3]; pvInt: [-20,-19,-18,-17,-16,-15,-14,-13]; 
dpInt1: 210; dpvFloat: [0.9,0.9,0.9,0.9,0.9,0.9,0.9,0.9,0.9]; pFloat: 9.0; pInt: 2010; pvFloat: [-0.4,-0.3,-0.2,-0.1,-0.0,0.1,0.2,0.3,0.4]; pvInt: [-10,-9,-8,-7,-6,-5,-4,-3,-2]; 
hvec
anInt: 1601; 
anInt: 1602; 
anInt: 1603; 
anInt: 1604; 
anInt: 1605; 
anInt: 1606; 
anInt: 1607; 
anInt: 1608; 
anInt: 1609; 
anInt: 1610; 
anInt: 1611; 
anInt: 1612; 
anInt: 1613; 
anInt: 1614; 
anInt: 1615; 
anInt: 1616; 
anInt: 1617; 
anInt: 1618; 
anInt: 1619; 
anInt: 1620; 
jvecContainer
decorJVec: [302.5,303.5,304.5,305.5]; fvec: [202.5,203.5,204.5]; ivec: [102,103]; lvec: []; svec: ['str452','str453','str454','str455']; 
decorJVec: []; fvec: [203.5,204.5,205.5,206.5]; ivec: [103,104,105]; lvec: [cvec[3]]; svec: []; 
decorJVec: [304.5]; fvec: []; ivec: [104,105,106,107]; lvec: [cvec[4], cvec[5]]; svec: ['str454']; 
decorJVec: [305.5,306.5]; fvec: [205.5]; ivec: []; lvec: [cvec[5], cvec[6], cvec[7]]; svec: ['str455','str456']; 
decorJVec: [306.5,307.5,308.5]; fvec: [206.5,207.5]; ivec: [106]; lvec: [cvec[6], cvec[7], cvec[8], cvec[9]]; svec: ['str456','str457','str458']; 
jvecInfo
decorJVec: [406.5,407.5,408.5]; fvec: [1203.5,1204.5,1205.5,1206.5]; ivec: [1103,1104,1105]; lvec: [cvec[3]]; svec: []; 
plinksContainer
decorLink: [inv]; decorVLinks: []; plink: [inv]; vlinks: [cvec[3], ctrig[4]]; 
decorLink: cvec[3]; decorVLinks: [ctrig[7]]; plink: cvec[3]; vlinks: [ctrig[4], [inv], cvec[6]]; 
decorLink: ctrig[4]; decorVLinks: [[inv], cvec[9]]; plink: ctrig[4]; vlinks: [[inv], cvec[6], ctrig[7], [inv]]; 
decorLink: [inv]; decorVLinks: [cvec[9], ctrig[2], [inv]]; plink: [inv]; vlinks: []; 
decorLink: cvec[6]; decorVLinks: [ctrig[2], [inv], cvec[2], ctrig[5]]; plink: cvec[6]; vlinks: [ctrig[7]]; 
plinksInfo
decorLink: cvec[6]; decorVLinks: [ctrig[2], [inv], cvec[2], ctrig[5]]; plink: [inv]; vlinks: []; 
---> Event 3
cvec
cinfo
  anInt1: 5000; aFloat: 0.5; anInt: 5000; anInt2: 10000; cEL: [inv]; dInt1: 15000; dInt1Base: 15001; 
ctrig
  anInt1: 2501; aFloat: 3000.0; anInt: 2501; anInt2: 3501; dInt1: 2401; 
  anInt1: 2502; aFloat: 3000.1; anInt: 2502; anInt2: 3502; dInt1: 2402; 
  anInt1: 2503; aFloat: 3000.2; anInt: 2503; anInt2: 3503; dInt1: 2403; 
  anInt1: 2504; aFloat: 3000.3; anInt: 2504; anInt2: 3504; dInt1: 2404; 
  anInt1: 2505; aFloat: 3000.4; anInt: 2505; anInt2: 3505; dInt1: 2405; 
  anInt1: 2506; aFloat: 3000.5; anInt: 2506; anInt2: 3506; dInt1: 2406; 
  anInt1: 2507; aFloat: 3000.6; anInt: 2507; anInt2: 3507; dInt1: 2407; 
  anInt1: 2508; aFloat: 3000.7; anInt: 2508; anInt2: 3508; dInt1: 2408; 
cvecWD  1005
  anInt1: 1001; aFloat: 0.0; anInt: 1001; 
  anInt1: 1002; aFloat: 0.0; anInt: 1002; 
  anInt1: 1003; aFloat: 0.0; anInt: 1003; 
  anInt1: 1004; aFloat: 0.0; anInt: 1004; 
  anInt1: 1005; aFloat: 0.0; anInt: 1005; 
  anInt1: 1006; aFloat: 0.0; anInt: 1006; 
  anInt1: 1007; aFloat: 0.0; anInt: 1007; 
  anInt1: 1008; aFloat: 0.0; anInt: 1008; 
  anInt1: 1009; aFloat: 0.0; anInt: 1009; 
  anInt1: 1010; aFloat: 0.0; anInt: 1010; 
cview
pvec
hvec
anInt: 2001; 
anInt: 2002; 
anInt: 2003; 
anInt: 2004; 
anInt: 2005; 
anInt: 2006; 
anInt: 2007; 
anInt: 2008; 
anInt: 2009; 
anInt: 2010; 
anInt: 2011; 
anInt: 2012; 
anInt: 2013; 
anInt: 2014; 
anInt: 2015; 
anInt: 2016; 
anInt: 2017; 
anInt: 2018; 
anInt: 2019; 
anInt: 2020; 
jvecContainer
decorJVec: []; fvec: [203.5,204.5,205.5,206.5]; ivec: [103,104,105]; lvec: [[inv]]; svec: []; 
decorJVec: [304.5]; fvec: []; ivec: [104,105,106,107]; lvec: [[inv], [inv]]; svec: ['str454']; 
decorJVec: [305.5,306.5]; fvec: [205.5]; ivec: []; lvec: [[inv], [inv], [inv]]; svec: ['str455','str456']; 
decorJVec: [306.5,307.5,308.5]; fvec: [206.5,207.5]; ivec: [106]; lvec: [[inv], [inv], [inv], [inv]]; svec: ['str456','str457','str458']; 
decorJVec: [307.5,308.5,309.5,310.5]; fvec: [207.5,208.5,209.5]; ivec: [107,108]; lvec: []; svec: ['str457','str458','str459','str460']; 
jvecInfo
decorJVec: [407.5,408.5,409.5,410.5]; fvec: []; ivec: [1104,1105,1106,1107]; lvec: [[inv], [inv]]; svec: ['str1454']; 
plinksContainer
decorLink: [inv]; decorVLinks: [ctrig[7]]; plink: [inv]; vlinks: [ctrig[4], [inv], [inv]]; 
decorLink: ctrig[4]; decorVLinks: [[inv], [inv]]; plink: ctrig[4]; vlinks: [[inv], [inv], ctrig[7], [inv]]; 
decorLink: [inv]; decorVLinks: [[inv], ctrig[2], [inv]]; plink: [inv]; vlinks: []; 
decorLink: [inv]; decorVLinks: [ctrig[2], [inv], [inv], ctrig[5]]; plink: [inv]; vlinks: [ctrig[7]]; 
decorLink: ctrig[7]; decorVLinks: []; plink: ctrig[7]; vlinks: [[inv], [inv]]; 
plinksInfo
decorLink: ctrig[7]; decorVLinks: []; plink: [inv]; vlinks: [ctrig[7]]; 
---> Event 4
cvec
  anInt1: 601; aFloat: 1200.0; anInt: 601; anInt2: 1801; cEL: cvec[9]; dInt1: 2401; dVar1: 2701; 
  anInt1: 602; aFloat: 1200.1; anInt: 602; anInt2: 1802; cEL: cvec[8]; dInt1: 2402; dVar1: 2702; 
  anInt1: 603; aFloat: 1200.2; anInt: 603; anInt2: 1803; cEL: cvec[7]; dInt1: 2403; dVar1: 2703; 
  anInt1: 604; aFloat: 1200.3; anInt: 604; anInt2: 1804; cEL: cvec[6]; dInt1: 2404; dVar1: 2704; 
  anInt1: 605; aFloat: 1200.4; anInt: 605; anInt2: 1805; cEL: cvec[5]; dInt1: 2405; dVar1: 2705; 
  anInt1: 606; aFloat: 1200.5; anInt: 606; anInt2: 1806; cEL: cvec[4]; dInt1: 2406; dVar1: 2706; 
  anInt1: 607; aFloat: 1200.6; anInt: 607; anInt2: 1807; cEL: cvec[3]; dInt1: 2407; dVar1: 2707; 
  anInt1: 608; aFloat: 1200.7; anInt: 608; anInt2: 1808; cEL: cvec[2]; dInt1: 2408; dVar1: 2708; 
  anInt1: 609; aFloat: 1200.8; anInt: 609; anInt2: 1809; cEL: cvec[1]; dInt1: 2409; dVar1: 2709; 
  anInt1: 610; aFloat: 1200.9; anInt: 610; anInt2: 1810; cEL: cvec[0]; dInt1: 2410; dVar1: 2710; 
cinfo
  anInt1: 6000; aFloat: 0.6; anInt: 6000; anInt2: 12000; cEL: cvec[6]; dInt1: 18000; dInt1Base: 18001; 
ctrig
  anInt1: 3001; aFloat: 3600.0; anInt: 3001; anInt2: 4201; dInt1: 2881; 
  anInt1: 3002; aFloat: 3600.1; anInt: 3002; anInt2: 4202; dInt1: 2882; 
  anInt1: 3003; aFloat: 3600.2; anInt: 3003; anInt2: 4203; dInt1: 2883; 
  anInt1: 3004; aFloat: 3600.3; anInt: 3004; anInt2: 4204; dInt1: 2884; 
  anInt1: 3005; aFloat: 3600.4; anInt: 3005; anInt2: 4205; dInt1: 2885; 
  anInt1: 3006; aFloat: 3600.5; anInt: 3006; anInt2: 4206; dInt1: 2886; 
  anInt1: 3007; aFloat: 3600.6; anInt: 3007; anInt2: 4207; dInt1: 2887; 
  anInt1: 3008; aFloat: 3600.7; anInt: 3008; anInt2: 4208; dInt1: 2888; 
cvecWD  1006
  anInt1: 1201; aFloat: 0.0; anInt: 1201; 
  anInt1: 1202; aFloat: 0.0; anInt: 1202; 
  anInt1: 1203; aFloat: 0.0; anInt: 1203; 
  anInt1: 1204; aFloat: 0.0; anInt: 1204; 
  anInt1: 1205; aFloat: 0.0; anInt: 1205; 
  anInt1: 1206; aFloat: 0.0; anInt: 1206; 
  anInt1: 1207; aFloat: 0.0; anInt: 1207; 
  anInt1: 1208; aFloat: 0.0; anInt: 1208; 
  anInt1: 1209; aFloat: 0.0; anInt: 1209; 
  anInt1: 1210; aFloat: 0.0; anInt: 1210; 
cview
  anInt1: 610; aFloat: 1200.9; anInt: 610; anInt2: 1810; cEL: cvec[0]; dInt1: 2410; dVar1: 2710; 
  anInt1: 609; aFloat: 1200.8; anInt: 609; anInt2: 1809; cEL: cvec[1]; dInt1: 2409; dVar1: 2709; 
  anInt1: 608; aFloat: 1200.7; anInt: 608; anInt2: 1808; cEL: cvec[2]; dInt1: 2408; dVar1: 2708; 
  anInt1: 607; aFloat: 1200.6; anInt: 607; anInt2: 1807; cEL: cvec[3]; dInt1: 2407; dVar1: 2707; 
  anInt1: 606; aFloat: 1200.5; anInt: 606; anInt2: 1806; cEL: cvec[4]; dInt1: 2406; dVar1: 2706; 
  anInt1: 605; aFloat: 1200.4; anInt: 605; anInt2: 1805; cEL: cvec[5]; dInt1: 2405; dVar1: 2705; 
  anInt1: 604; aFloat: 1200.3; anInt: 604; anInt2: 1804; cEL: cvec[6]; dInt1: 2404; dVar1: 2704; 
  anInt1: 603; aFloat: 1200.2; anInt: 603; anInt2: 1803; cEL: cvec[7]; dInt1: 2403; dVar1: 2703; 
  anInt1: 602; aFloat: 1200.1; anInt: 602; anInt2: 1802; cEL: cvec[8]; dInt1: 2402; dVar1: 2702; 
  anInt1: 601; aFloat: 1200.0; anInt: 601; anInt2: 1801; cEL: cvec[9]; dInt1: 2401; dVar1: 2701; 
pvec
dpInt1: 301; dpvFloat: []; pFloat: 0.1; pInt: 3001; pvFloat: []; pvInt: []; 
dpInt1: 302; dpvFloat: [0.2]; pFloat: 1.1; pInt: 3002; pvFloat: [-0.5]; pvInt: [110]; 
dpInt1: 303; dpvFloat: [0.3,0.3]; pFloat: 2.1; pInt: 3003; pvFloat: [-0.5,-0.4]; pvInt: [120,121]; 
dpInt1: 304; dpvFloat: [0.4,0.4,0.4]; pFloat: 3.1; pInt: 3004; pvFloat: [-0.5,-0.4,-0.3]; pvInt: [130,131,132]; 
dpInt1: 305; dpvFloat: [0.5,0.5,0.5,0.5]; pFloat: 4.1; pInt: 3005; pvFloat: [-0.5,-0.4,-0.3,-0.2]; pvInt: [140,141,142,143]; 
dpInt1: 306; dpvFloat: [0.6,0.6,0.6,0.6,0.6]; pFloat: 5.1; pInt: 3006; pvFloat: [-0.4,-0.3,-0.2,-0.1,-0.0]; pvInt: [150,151,152,153,154]; 
dpInt1: 307; dpvFloat: [0.7,0.7,0.7,0.7,0.7,0.7]; pFloat: 6.1; pInt: 3007; pvFloat: [-0.4,-0.3,-0.2,-0.1,-0.0,0.1]; pvInt: [160,161,162,163,164,165]; 
dpInt1: 308; dpvFloat: [0.8,0.8,0.8,0.8,0.8,0.8,0.8]; pFloat: 7.1; pInt: 3008; pvFloat: [-0.4,-0.3,-0.2,-0.1,-0.0,0.1,0.2]; pvInt: [170,171,172,173,174,175,176]; 
dpInt1: 309; dpvFloat: [0.9,0.9,0.9,0.9,0.9,0.9,0.9,0.9]; pFloat: 8.1; pInt: 3009; pvFloat: [-0.4,-0.3,-0.2,-0.1,-0.0,0.1,0.2,0.3]; pvInt: [180,181,182,183,184,185,186,187]; 
dpInt1: 310; dpvFloat: [1.0,1.0,1.0,1.0,1.0,1.0,1.0,1.0,1.0]; pFloat: 9.1; pInt: 3010; pvFloat: [-0.4,-0.3,-0.2,-0.1,-0.0,0.1,0.2,0.3,0.4]; pvInt: [190,191,192,193,194,195,196,197,198]; 
hvec
anInt: 2401; 
anInt: 2402; 
anInt: 2403; 
anInt: 2404; 
anInt: 2405; 
anInt: 2406; 
anInt: 2407; 
anInt: 2408; 
anInt: 2409; 
anInt: 2410; 
anInt: 2411; 
anInt: 2412; 
anInt: 2413; 
anInt: 2414; 
anInt: 2415; 
anInt: 2416; 
anInt: 2417; 
anInt: 2418; 
anInt: 2419; 
anInt: 2420; 
jvecContainer
decorJVec: [304.5]; fvec: []; ivec: [104,105,106,107]; lvec: [cvec[4], cvec[5]]; svec: ['str454']; 
decorJVec: [305.5,306.5]; fvec: [205.5]; ivec: []; lvec: [cvec[5], cvec[6], cvec[7]]; svec: ['str455','str456']; 
decorJVec: [306.5,307.5,308.5]; fvec: [206.5,207.5]; ivec: [106]; lvec: [cvec[6], cvec[7], cvec[8], cvec[9]]; svec: ['str456','str457','str458']; 
decorJVec: [307.5,308.5,309.5,310.5]; fvec: [207.5,208.5,209.5]; ivec: [107,108]; lvec: []; svec: ['str457','str458','str459','str460']; 
decorJVec: []; fvec: [208.5,209.5,210.5,211.5]; ivec: [108,109,110]; lvec: [cvec[8]]; svec: []; 
jvecInfo
decorJVec: []; fvec: [1205.5]; ivec: []; lvec: [cvec[5], cvec[6], cvec[7]]; svec: ['str1455','str1456']; 
plinksContainer
decorLink: ctrig[4]; decorVLinks: [[inv], cvec[9]]; plink: ctrig[4]; vlinks: [[inv], cvec[6], ctrig[7], [inv]]; 
decorLink: [inv]; decorVLinks: [cvec[9], ctrig[2], [inv]]; plink: [inv]; vlinks: []; 
decorLink: cvec[6]; decorVLinks: [ctrig[2], [inv], cvec[2], ctrig[5]]; plink: cvec[6]; vlinks: [ctrig[7]]; 
decorLink: ctrig[7]; decorVLinks: []; plink: ctrig[7]; vlinks: [[inv], cvec[9]]; 
decorLink: [inv]; decorVLinks: [cvec[2]]; plink: [inv]; vlinks: [cvec[9], ctrig[2], [inv]]; 
plinksInfo
decorLink: [inv]; decorVLinks: [cvec[2]]; plink: ctrig[7]; vlinks: [[inv], cvec[9]]; 
---> Event 5
cvec
  anInt1: 701; aFloat: 1400.0; anInt: 701; anInt2: 2101; cEL: cvec[9]; dInt1: 2801; dVar1: 3151; 
  anInt1: 702; aFloat: 1400.1; anInt: 702; anInt2: 2102; cEL: cvec[8]; dInt1: 2802; dVar1: 3152; 
  anInt1: 703; aFloat: 1400.2; anInt: 703; anInt2: 2103; cEL: cvec[7]; dInt1: 2803; dVar1: 3153; 
  anInt1: 704; aFloat: 1400.3; anInt: 704; anInt2: 2104; cEL: cvec[6]; dInt1: 2804; dVar1: 3154; 
  anInt1: 705; aFloat: 1400.4; anInt: 705; anInt2: 2105; cEL: cvec[5]; dInt1: 2805; dVar1: 3155; 
  anInt1: 706; aFloat: 1400.5; anInt: 706; anInt2: 2106; cEL: cvec[4]; dInt1: 2806; dVar1: 3156; 
  anInt1: 707; aFloat: 1400.6; anInt: 707; anInt2: 2107; cEL: cvec[3]; dInt1: 2807; dVar1: 3157; 
  anInt1: 708; aFloat: 1400.7; anInt: 708; anInt2: 2108; cEL: cvec[2]; dInt1: 2808; dVar1: 3158; 
  anInt1: 709; aFloat: 1400.8; anInt: 709; anInt2: 2109; cEL: cvec[1]; dInt1: 2809; dVar1: 3159; 
  anInt1: 710; aFloat: 1400.9; anInt: 710; anInt2: 2110; cEL: cvec[0]; dInt1: 2810; dVar1: 3160; 
cinfo
  anInt1: 7000; aFloat: 0.7; anInt: 7000; anInt2: 14000; cEL: cvec[7]; dInt1: 21000; dInt1Base: 21001; 
ctrig
  anInt1: 3501; aFloat: 4200.0; anInt: 3501; anInt2: 4901; dInt1: 3361; 
  anInt1: 3502; aFloat: 4200.1; anInt: 3502; anInt2: 4902; dInt1: 3362; 
  anInt1: 3503; aFloat: 4200.2; anInt: 3503; anInt2: 4903; dInt1: 3363; 
  anInt1: 3504; aFloat: 4200.3; anInt: 3504; anInt2: 4904; dInt1: 3364; 
  anInt1: 3505; aFloat: 4200.4; anInt: 3505; anInt2: 4905; dInt1: 3365; 
  anInt1: 3506; aFloat: 4200.5; anInt: 3506; anInt2: 4906; dInt1: 3366; 
  anInt1: 3507; aFloat: 4200.6; anInt: 3507; anInt2: 4907; dInt1: 3367; 
  anInt1: 3508; aFloat: 4200.7; anInt: 3508; anInt2: 4908; dInt1: 3368; 
cvecWD  1007
  anInt1: 1401; aFloat: 0.0; anInt: 1401; 
  anInt1: 1402; aFloat: 0.0; anInt: 1402; 
  anInt1: 1403; aFloat: 0.0; anInt: 1403; 
  anInt1: 1404; aFloat: 0.0; anInt: 1404; 
  anInt1: 1405; aFloat: 0.0; anInt: 1405; 
  anInt1: 1406; aFloat: 0.0; anInt: 1406; 
  anInt1: 1407; aFloat: 0.0; anInt: 1407; 
  anInt1: 1408; aFloat: 0.0; anInt: 1408; 
  anInt1: 1409; aFloat: 0.0; anInt: 1409; 
  anInt1: 1410; aFloat: 0.0; anInt: 1410; 
cview
  anInt1: 710; aFloat: 1400.9; anInt: 710; anInt2: 2110; cEL: cvec[0]; dInt1: 2810; dVar1: 3160; 
  anInt1: 709; aFloat: 1400.8; anInt: 709; anInt2: 2109; cEL: cvec[1]; dInt1: 2809; dVar1: 3159; 
  anInt1: 708; aFloat: 1400.7; anInt: 708; anInt2: 2108; cEL: cvec[2]; dInt1: 2808; dVar1: 3158; 
  anInt1: 707; aFloat: 1400.6; anInt: 707; anInt2: 2107; cEL: cvec[3]; dInt1: 2807; dVar1: 3157; 
  anInt1: 706; aFloat: 1400.5; anInt: 706; anInt2: 2106; cEL: cvec[4]; dInt1: 2806; dVar1: 3156; 
  anInt1: 705; aFloat: 1400.4; anInt: 705; anInt2: 2105; cEL: cvec[5]; dInt1: 2805; dVar1: 3155; 
  anInt1: 704; aFloat: 1400.3; anInt: 704; anInt2: 2104; cEL: cvec[6]; dInt1: 2804; dVar1: 3154; 
  anInt1: 703; aFloat: 1400.2; anInt: 703; anInt2: 2103; cEL: cvec[7]; dInt1: 2803; dVar1: 3153; 
  anInt1: 702; aFloat: 1400.1; anInt: 702; anInt2: 2102; cEL: cvec[8]; dInt1: 2802; dVar1: 3152; 
  anInt1: 701; aFloat: 1400.0; anInt: 701; anInt2: 2101; cEL: cvec[9]; dInt1: 2801; dVar1: 3151; 
pvec
dpInt1: 351; dpvFloat: []; pFloat: 0.1; pInt: 3501; pvFloat: []; pvInt: []; 
dpInt1: 352; dpvFloat: [0.2]; pFloat: 1.1; pInt: 3502; pvFloat: [-0.5]; pvInt: [210]; 
dpInt1: 353; dpvFloat: [0.3,0.3]; pFloat: 2.1; pInt: 3503; pvFloat: [-0.5,-0.4]; pvInt: [220,221]; 
dpInt1: 354; dpvFloat: [0.4,0.4,0.4]; pFloat: 3.1; pInt: 3504; pvFloat: [-0.5,-0.4,-0.3]; pvInt: [230,231,232]; 
dpInt1: 355; dpvFloat: [0.5,0.5,0.5,0.5]; pFloat: 4.1; pInt: 3505; pvFloat: [-0.5,-0.4,-0.3,-0.2]; pvInt: [240,241,242,243]; 
dpInt1: 356; dpvFloat: [0.6,0.6,0.6,0.6,0.6]; pFloat: 5.1; pInt: 3506; pvFloat: [-0.4,-0.3,-0.2,-0.1,-0.0]; pvInt: [250,251,252,253,254]; 
dpInt1: 357; dpvFloat: [0.7,0.7,0.7,0.7,0.7,0.7]; pFloat: 6.1; pInt: 3507; pvFloat: [-0.4,-0.3,-0.2,-0.1,-0.0,0.1]; pvInt: [260,261,262,263,264,265]; 
dpInt1: 358; dpvFloat: [0.8,0.8,0.8,0.8,0.8,0.8,0.8]; pFloat: 7.1; pInt: 3508; pvFloat: [-0.4,-0.3,-0.2,-0.1,-0.0,0.1,0.2]; pvInt: [270,271,272,273,274,275,276]; 
dpInt1: 359; dpvFloat: [0.9,0.9,0.9,0.9,0.9,0.9,0.9,0.9]; pFloat: 8.1; pInt: 3509; pvFloat: [-0.4,-0.3,-0.2,-0.1,-0.0,0.1,0.2,0.3]; pvInt: [280,281,282,283,284,285,286,287]; 
dpInt1: 360; dpvFloat: [1.0,1.0,1.0,1.0,1.0,1.0,1.0,1.0,1.0]; pFloat: 9.1; pInt: 3510; pvFloat: [-0.4,-0.3,-0.2,-0.1,-0.0,0.1,0.2,0.3,0.4]; pvInt: [290,291,292,293,294,295,296,297,298]; 
hvec
anInt: 2801; 
anInt: 2802; 
anInt: 2803; 
anInt: 2804; 
anInt: 2805; 
anInt: 2806; 
anInt: 2807; 
anInt: 2808; 
anInt: 2809; 
anInt: 2810; 
anInt: 2811; 
anInt: 2812; 
anInt: 2813; 
anInt: 2814; 
anInt: 2815; 
anInt: 2816; 
anInt: 2817; 
anInt: 2818; 
anInt: 2819; 
anInt: 2820; 
jvecContainer
decorJVec: [305.5,306.5]; fvec: [205.5]; ivec: []; lvec: [cvec[5], cvec[6], cvec[7]]; svec: ['str455','str456']; 
decorJVec: [306.5,307.5,308.5]; fvec: [206.5,207.5]; ivec: [106]; lvec: [cvec[6], cvec[7], cvec[8], cvec[9]]; svec: ['str456','str457','str458']; 
decorJVec: [307.5,308.5,309.5,310.5]; fvec: [207.5,208.5,209.5]; ivec: [107,108]; lvec: []; svec: ['str457','str458','str459','str460']; 
decorJVec: []; fvec: [208.5,209.5,210.5,211.5]; ivec: [108,109,110]; lvec: [cvec[8]]; svec: []; 
decorJVec: [309.5]; fvec: []; ivec: [109,110,111,112]; lvec: [cvec[9], cvec[0]]; svec: ['str459']; 
jvecInfo
decorJVec: [409.5]; fvec: [1206.5,1207.5]; ivec: [1106]; lvec: [cvec[6], cvec[7], cvec[8], cvec[9]]; svec: ['str1456','str1457','str1458']; 
plinksContainer
decorLink: [inv]; decorVLinks: [cvec[9], ctrig[2], [inv]]; plink: [inv]; vlinks: []; 
decorLink: cvec[6]; decorVLinks: [ctrig[2], [inv], cvec[2], ctrig[5]]; plink: cvec[6]; vlinks: [ctrig[7]]; 
decorLink: ctrig[7]; decorVLinks: []; plink: ctrig[7]; vlinks: [[inv], cvec[9]]; 
decorLink: [inv]; decorVLinks: [cvec[2]]; plink: [inv]; vlinks: [cvec[9], ctrig[2], [inv]]; 
decorLink: cvec[9]; decorVLinks: [ctrig[5], [inv]]; plink: cvec[9]; vlinks: [ctrig[2], [inv], cvec[2], ctrig[5]]; 
plinksInfo
decorLink: cvec[9]; decorVLinks: [ctrig[5], [inv]]; plink: [inv]; vlinks: [cvec[9], ctrig[2], [inv]]; 
---> Event 6
cvec
  anInt1: 801; aFloat: 1600.0; anInt: 801; anInt2: 2401; cEL: cvec[9]; dInt1: 3201; dVar1: 3601; 
  anInt1: 802; aFloat: 1600.1; anInt: 802; anInt2: 2402; cEL: cvec[8]; dInt1: 3202; dVar1: 3602; 
  anInt1: 803; aFloat: 1600.2; anInt: 803; anInt2: 2403; cEL: cvec[7]; dInt1: 3203; dVar1: 3603; 
  anInt1: 804; aFloat: 1600.3; anInt: 804; anInt2: 2404; cEL: cvec[6]; dInt1: 3204; dVar1: 3604; 
  anInt1: 805; aFloat: 1600.4; anInt: 805; anInt2: 2405; cEL: cvec[5]; dInt1: 3205; dVar1: 3605; 
  anInt1: 806; aFloat: 1600.5; anInt: 806; anInt2: 2406; cEL: cvec[4]; dInt1: 3206; dVar1: 3606; 
  anInt1: 807; aFloat: 1600.6; anInt: 807; anInt2: 2407; cEL: cvec[3]; dInt1: 3207; dVar1: 3607; 
  anInt1: 808; aFloat: 1600.7; anInt: 808; anInt2: 2408; cEL: cvec[2]; dInt1: 3208; dVar1: 3608; 
  anInt1: 809; aFloat: 1600.8; anInt: 809; anInt2: 2409; cEL: cvec[1]; dInt1: 3209; dVar1: 3609; 
  anInt1: 810; aFloat: 1600.9; anInt: 810; anInt2: 2410; cEL: cvec[0]; dInt1: 3210; dVar1: 3610; 
cinfo
  anInt1: 8000; aFloat: 0.8; anInt: 8000; anInt2: 16000; cEL: cvec[8]; dInt1: 24000; dInt1Base: 24001; 
ctrig
  anInt1: 4001; aFloat: 4800.0; anInt: 4001; anInt2: 5601; dInt1: 3841; 
  anInt1: 4002; aFloat: 4800.1; anInt: 4002; anInt2: 5602; dInt1: 3842; 
  anInt1: 4003; aFloat: 4800.2; anInt: 4003; anInt2: 5603; dInt1: 3843; 
  anInt1: 4004; aFloat: 4800.3; anInt: 4004; anInt2: 5604; dInt1: 3844; 
  anInt1: 4005; aFloat: 4800.4; anInt: 4005; anInt2: 5605; dInt1: 3845; 
  anInt1: 4006; aFloat: 4800.5; anInt: 4006; anInt2: 5606; dInt1: 3846; 
  anInt1: 4007; aFloat: 4800.6; anInt: 4007; anInt2: 5607; dInt1: 3847; 
  anInt1: 4008; aFloat: 4800.7; anInt: 4008; anInt2: 5608; dInt1: 3848; 
cvecWD  1008
  anInt1: 1601; aFloat: 0.0; anInt: 1601; 
  anInt1: 1602; aFloat: 0.0; anInt: 1602; 
  anInt1: 1603; aFloat: 0.0; anInt: 1603; 
  anInt1: 1604; aFloat: 0.0; anInt: 1604; 
  anInt1: 1605; aFloat: 0.0; anInt: 1605; 
  anInt1: 1606; aFloat: 0.0; anInt: 1606; 
  anInt1: 1607; aFloat: 0.0; anInt: 1607; 
  anInt1: 1608; aFloat: 0.0; anInt: 1608; 
  anInt1: 1609; aFloat: 0.0; anInt: 1609; 
  anInt1: 1610; aFloat: 0.0; anInt: 1610; 
cview
  anInt1: 810; aFloat: 1600.9; anInt: 810; anInt2: 2410; cEL: cvec[0]; dInt1: 3210; dVar1: 3610; 
  anInt1: 809; aFloat: 1600.8; anInt: 809; anInt2: 2409; cEL: cvec[1]; dInt1: 3209; dVar1: 3609; 
  anInt1: 808; aFloat: 1600.7; anInt: 808; anInt2: 2408; cEL: cvec[2]; dInt1: 3208; dVar1: 3608; 
  anInt1: 807; aFloat: 1600.6; anInt: 807; anInt2: 2407; cEL: cvec[3]; dInt1: 3207; dVar1: 3607; 
  anInt1: 806; aFloat: 1600.5; anInt: 806; anInt2: 2406; cEL: cvec[4]; dInt1: 3206; dVar1: 3606; 
  anInt1: 805; aFloat: 1600.4; anInt: 805; anInt2: 2405; cEL: cvec[5]; dInt1: 3205; dVar1: 3605; 
  anInt1: 804; aFloat: 1600.3; anInt: 804; anInt2: 2404; cEL: cvec[6]; dInt1: 3204; dVar1: 3604; 
  anInt1: 803; aFloat: 1600.2; anInt: 803; anInt2: 2403; cEL: cvec[7]; dInt1: 3203; dVar1: 3603; 
  anInt1: 802; aFloat: 1600.1; anInt: 802; anInt2: 2402; cEL: cvec[8]; dInt1: 3202; dVar1: 3602; 
  anInt1: 801; aFloat: 1600.0; anInt: 801; anInt2: 2401; cEL: cvec[9]; dInt1: 3201; dVar1: 3601; 
pvec
dpInt1: 401; dpvFloat: []; pFloat: 0.1; pInt: 4001; pvFloat: []; pvInt: []; 
dpInt1: 402; dpvFloat: [0.2]; pFloat: 1.1; pInt: 4002; pvFloat: [-0.5]; pvInt: [310]; 
dpInt1: 403; dpvFloat: [0.3,0.3]; pFloat: 2.1; pInt: 4003; pvFloat: [-0.5,-0.4]; pvInt: [320,321]; 
dpInt1: 404; dpvFloat: [0.4,0.4,0.4]; pFloat: 3.1; pInt: 4004; pvFloat: [-0.5,-0.4,-0.3]; pvInt: [330,331,332]; 
dpInt1: 405; dpvFloat: [0.5,0.5,0.5,0.5]; pFloat: 4.1; pInt: 4005; pvFloat: [-0.5,-0.4,-0.3,-0.2]; pvInt: [340,341,342,343]; 
dpInt1: 406; dpvFloat: [0.6,0.6,0.6,0.6,0.6]; pFloat: 5.1; pInt: 4006; pvFloat: [-0.4,-0.3,-0.2,-0.1,-0.0]; pvInt: [350,351,352,353,354]; 
dpInt1: 407; dpvFloat: [0.7,0.7,0.7,0.7,0.7,0.7]; pFloat: 6.1; pInt: 4007; pvFloat: [-0.4,-0.3,-0.2,-0.1,-0.0,0.1]; pvInt: [360,361,362,363,364,365]; 
dpInt1: 408; dpvFloat: [0.8,0.8,0.8,0.8,0.8,0.8,0.8]; pFloat: 7.1; pInt: 4008; pvFloat: [-0.4,-0.3,-0.2,-0.1,-0.0,0.1,0.2]; pvInt: [370,371,372,373,374,375,376]; 
dpInt1: 409; dpvFloat: [0.9,0.9,0.9,0.9,0.9,0.9,0.9,0.9]; pFloat: 8.1; pInt: 4009; pvFloat: [-0.4,-0.3,-0.2,-0.1,-0.0,0.1,0.2,0.3]; pvInt: [380,381,382,383,384,385,386,387]; 
dpInt1: 410; dpvFloat: [1.0,1.0,1.0,1.0,1.0,1.0,1.0,1.0,1.0]; pFloat: 9.1; pInt: 4010; pvFloat: [-0.4,-0.3,-0.2,-0.1,-0.0,0.1,0.2,0.3,0.4]; pvInt: [390,391,392,393,394,395,396,397,398]; 
hvec
anInt: 3201; 
anInt: 3202; 
anInt: 3203; 
anInt: 3204; 
anInt: 3205; 
anInt: 3206; 
anInt: 3207; 
anInt: 3208; 
anInt: 3209; 
anInt: 3210; 
anInt: 3211; 
anInt: 3212; 
anInt: 3213; 
anInt: 3214; 
anInt: 3215; 
anInt: 3216; 
anInt: 3217; 
anInt: 3218; 
anInt: 3219; 
anInt: 3220; 
jvecContainer
decorJVec: [306.5,307.5,308.5]; fvec: [206.5,207.5]; ivec: [106]; lvec: [cvec[6], cvec[7], cvec[8], cvec[9]]; svec: ['str456','str457','str458']; 
decorJVec: [307.5,308.5,309.5,310.5]; fvec: [207.5,208.5,209.5]; ivec: [107,108]; lvec: []; svec: ['str457','str458','str459','str460']; 
decorJVec: []; fvec: [208.5,209.5,210.5,211.5]; ivec: [108,109,110]; lvec: [cvec[8]]; svec: []; 
decorJVec: [309.5]; fvec: []; ivec: [109,110,111,112]; lvec: [cvec[9], cvec[0]]; svec: ['str459']; 
decorJVec: [310.5,311.5]; fvec: [210.5]; ivec: []; lvec: [cvec[0], cvec[1], cvec[2]]; svec: ['str460','str461']; 
jvecInfo
decorJVec: [410.5,411.5]; fvec: [1207.5,1208.5,1209.5]; ivec: [1107,1108]; lvec: []; svec: ['str1457','str1458','str1459','str1460']; 
plinksContainer
decorLink: cvec[6]; decorVLinks: [ctrig[2], [inv], cvec[2], ctrig[5]]; plink: cvec[6]; vlinks: [ctrig[7]]; 
decorLink: ctrig[7]; decorVLinks: []; plink: ctrig[7]; vlinks: [[inv], cvec[9]]; 
decorLink: [inv]; decorVLinks: [cvec[2]]; plink: [inv]; vlinks: [cvec[9], ctrig[2], [inv]]; 
decorLink: cvec[9]; decorVLinks: [ctrig[5], [inv]]; plink: cvec[9]; vlinks: [ctrig[2], [inv], cvec[2], ctrig[5]]; 
decorLink: ctrig[2]; decorVLinks: [[inv], cvec[5], ctrig[0]]; plink: ctrig[2]; vlinks: []; 
plinksInfo
decorLink: ctrig[2]; decorVLinks: [[inv], cvec[5], ctrig[0]]; plink: cvec[9]; vlinks: [ctrig[2], [inv], cvec[2], ctrig[5]]; 
---> Event 7
cvec
  anInt1: 901; aFloat: 1800.0; anInt: 901; anInt2: 2701; cEL: cvec[9]; dInt1: 3601; dVar1: 4051; 
  anInt1: 902; aFloat: 1800.1; anInt: 902; anInt2: 2702; cEL: cvec[8]; dInt1: 3602; dVar1: 4052; 
  anInt1: 903; aFloat: 1800.2; anInt: 903; anInt2: 2703; cEL: cvec[7]; dInt1: 3603; dVar1: 4053; 
